      dataset     family model_key text_mode  f1_macro  f1_micro  f1_weighted  \
21    SemEval  classical       svm   markers  0.747475  0.754533     0.747627   
20    SemEval  classical    logreg   markers  0.723500  0.732218     0.723655   
13    SemEval  classical       svm       raw  0.713184  0.723849     0.713309   
22    SemEval  classical        nb   markers  0.711289  0.737796     0.711508   
17    SemEval  classical       svm   masking  0.694922  0.708508     0.695069   
12    SemEval  classical    logreg       raw  0.694461  0.702929     0.694580   
14    SemEval  classical        nb       raw  0.694207  0.714086     0.694394   
16    SemEval  classical    logreg   masking  0.678074  0.688982     0.678225   
23    SemEval  classical        rf   markers  0.672290  0.673640     0.672364   
18    SemEval  classical        nb   masking  0.637897  0.665272     0.637994   
19    SemEval  classical        rf   masking  0.632923  0.640167     0.632985   
15    SemEval  classical        rf       raw  0.632299  0.635983     0.632413   
0   Synthetic  classical    logreg       raw  1.000000  1.000000     1.000000   
1   Synthetic  classical       svm       raw  1.000000  1.000000     1.000000   
2   Synthetic  classical        nb       raw  1.000000  1.000000     1.000000   
3   Synthetic  classical        rf       raw  1.000000  1.000000     1.000000   
4   Synthetic  classical    logreg   masking  1.000000  1.000000     1.000000   
5   Synthetic  classical       svm   masking  1.000000  1.000000     1.000000   
6   Synthetic  classical        nb   masking  1.000000  1.000000     1.000000   
7   Synthetic  classical        rf   masking  1.000000  1.000000     1.000000   

    precision_macro  recall_macro       mcc  balanced_acc  cohen_kappa  \
21         0.745975      0.754448  0.694596      0.754448     0.693174   
20         0.721836      0.732129  0.667140      0.732129     0.665280   
13         0.712178      0.723786  0.657395      0.723786     0.654818   
22         0.712909      0.737568  0.678926      0.737568     0.672228   
17         0.693704      0.708392  0.638943      0.708392     0.635632   
12         0.695773      0.702894  0.631289      0.702894     0.628674   
14         0.694836      0.713840  0.647331      0.713840     0.642580   
16         0.676843      0.688879  0.613906      0.688879     0.611230   
23         0.679279      0.673728  0.593808      0.673728     0.592098   
18         0.635961      0.665229  0.588051      0.665229     0.581587   
19         0.631358      0.640220  0.551433      0.640220     0.550240   
15         0.640031      0.636053  0.547465      0.636053     0.545037   
0          1.000000      1.000000  1.000000      1.000000     1.000000   
1          1.000000      1.000000  1.000000      1.000000     1.000000   
2          1.000000      1.000000  1.000000      1.000000     1.000000   
3          1.000000      1.000000  1.000000      1.000000     1.000000   
4          1.000000      1.000000  1.000000      1.000000     1.000000   
5          1.000000      1.000000  1.000000      1.000000     1.000000   
6          1.000000      1.000000  1.000000      1.000000     1.000000   
7          1.000000      1.000000  1.000000      1.000000     1.000000   

    roc_auc_ovr_macro  pr_auc_macro  err_false_negative  err_false_positive  \
21           0.925774      0.789325                 0.0                 0.0   
20           0.916324      0.768327                 0.0                 0.0   
13           0.912642      0.769136                 0.0                 0.0   
22           0.920861      0.788781                 0.0                 0.0   
17           0.902372      0.736227                 0.0                 0.0   
12           0.902779      0.741769                 0.0                 0.0   
14           0.905905      0.752702                 0.0                 0.0   
16           0.895095      0.715911                 0.0                 0.0   
23           0.887862      0.705961                 0.0                 0.0   
18           0.896926      0.719935                 0.0                 0.0   
19           0.881314      0.688073                 0.0                 0.0   
15           0.870027      0.665842                 0.0                 0.0   
0            1.000000      1.000000                 0.0                 0.0   
1            1.000000      1.000000                 0.0                 0.0   
2            1.000000      1.000000                 0.0                 0.0   
3            1.000000      1.000000                 0.0                 0.0   
4            1.000000      1.000000                 0.0                 0.0   
5            1.000000      1.000000                 0.0                 0.0   
6            1.000000      1.000000                 0.0                 0.0   
7            1.000000      1.000000                 0.0                 0.0   

    err_label_confusion  
21             0.245467  
20             0.267782  
13             0.276151  
22             0.262204  
17             0.291492  
12             0.297071  
14             0.285914  
16             0.311018  
23             0.326360  
18             0.334728  
19             0.359833  
15             0.364017  
0              0.000000  
1              0.000000  
2              0.000000  
3              0.000000  
4              0.000000  
5              0.000000  
6              0.000000  
7              0.000000  